5 30.5793
10 172.694
15 419.748
20 865.767
25 1454.93
30 2207.38
35 3125.15
40 4286.48
45 5550.11
50 7069.03
55 8631.8
60 10506.1
65 12481.4
70 14691.3
75 17110.2
80 19789.2
85 22675.3
90 25788.4
95 29021.9
100 32507.9
125 53082.5
150 79513.8
175 111461
200 149222
225 192911
250 242657
275 298784
300 360810
325 429287
350 503993
375 585242
400 672656
425 766515
450 868100
475 975271
500 1.0896e+06
525 1.21179e+06
550 1.3389e+06
575 1.4739e+06
600 1.61542e+06
625 1.76404e+06
650 1.91933e+06
675 2.0823e+06
700 2.25098e+06
725 2.4277e+06
750 2.61132e+06
775 2.80189e+06
800 2.99933e+06
825 3.2048e+06
850 3.41675e+06
875 3.63573e+06
900 3.86113e+06
925 4.09516e+06
950 4.33647e+06
975 4.58477e+06
1000 4.84075e+06
1050 5.37408e+06
1100 5.93541e+06
1150 6.52741e+06
1200 7.14992e+06
1250 7.80181e+06
1300 8.48633e+06
1350 9.19839e+06
1400 9.9434e+06
1450 1.07189e+07
1500 1.15219e+07
1550 1.23586e+07
1600 1.32274e+07
1650 1.41278e+07
1700 1.50585e+07
1750 1.60201e+07
1800 1.70117e+07
1850 1.80371e+07
1900 1.90895e+07
1950 2.01762e+07
2000 2.12941e+07
2050 2.24455e+07
2100 2.36313e+07
2150 2.48439e+07
2200 2.60929e+07
2250 2.73695e+07
2300 2.86798e+07
2350 3.00219e+07
2400 3.13974e+07
2450 3.28085e+07
2500 3.42499e+07
2550 3.57248e+07
2600 3.72314e+07
2650 3.87709e+07
2700 4.03419e+07
2750 4.19482e+07
2800 4.35858e+07
2850 4.52551e+07
2900 4.6957e+07
2950 4.86923e+07
3000 5.04627e+07
3050 5.22628e+07
3100 5.40998e+07
3150 5.59668e+07
3200 5.78712e+07
3250 5.98102e+07
3300 6.17802e+07
3350 6.37864e+07
3400 6.58226e+07
3450 6.78926e+07
3500 6.99998e+07
3550 7.21392e+07
3600 7.43111e+07
3650 7.65203e+07
3700 7.87618e+07
3750 8.10332e+07
3800 8.33419e+07
3850 8.56863e+07
3900 8.80644e+07
3950 9.04754e+07
4000 9.29181e+07
4050 9.54005e+07
4100 9.79154e+07
4150 1.00463e+08
4200 1.03043e+08
4250 1.05661e+08
4300 1.08316e+08
4350 1.11002e+08
4400 1.13725e+08
4450 1.16479e+08
4500 1.19268e+08
4550 1.2209e+08
4600 1.24949e+08
4650 1.27846e+08
4700 1.30775e+08
4750 1.33737e+08
4800 1.36739e+08
4850 1.39774e+08
4900 1.42844e+08
4950 1.4595e+08
5000 1.49089e+08
