5 19.3133
10 82.8931
15 230.184
20 410.415
25 688.839
30 1091.78
35 1557.24
40 2095.28
45 2771.25
50 3497.35
55 4380.02
60 5293.99
65 6324.2
70 7502.84
75 8686.79
80 9969.11
85 11422.1
90 12928
95 14531.4
100 16201
125 26594.4
150 39619.1
175 55500.8
200 74706.3
225 96563.7
250 121378
275 149361
300 180673
325 214811
350 252202
375 293033
400 337032
425 384060
450 434551
475 488252
500 545382
525 605783
550 670132
575 736853
600 807011
625 881508
650 959440
675 1.04087e+06
700 1.12495e+06
725 1.2141e+06
750 1.30653e+06
775 1.40117e+06
800 1.50032e+06
825 1.60238e+06
850 1.70897e+06
875 1.81878e+06
900 1.93223e+06
925 2.04892e+06
950 2.17032e+06
975 2.29397e+06
1000 2.42167e+06
1050 2.68861e+06
1100 2.97015e+06
1150 3.26676e+06
1200 3.57848e+06
1250 3.9042e+06
1300 4.24508e+06
1350 4.60254e+06
1400 4.97401e+06
1450 5.36194e+06
1500 5.76309e+06
1550 6.18051e+06
1600 6.61345e+06
1650 7.06232e+06
1700 7.52654e+06
1750 8.0069e+06
1800 8.50249e+06
1850 9.01477e+06
1900 9.54209e+06
1950 1.00844e+07
2000 1.06445e+07
2050 1.12211e+07
2100 1.18101e+07
2150 1.24168e+07
2200 1.30414e+07
2250 1.36818e+07
2300 1.43383e+07
2350 1.50122e+07
2400 1.57005e+07
2450 1.64057e+07
2500 1.71275e+07
2550 1.78625e+07
2600 1.86178e+07
2650 1.93857e+07
2700 2.01701e+07
2750 2.0973e+07
2800 2.17913e+07
2850 2.26272e+07
2900 2.3479e+07
2950 2.43506e+07
3000 2.52358e+07
3050 2.61367e+07
3100 2.70576e+07
3150 2.79902e+07
3200 2.89431e+07
3250 2.9909e+07
3300 3.08932e+07
3350 3.18955e+07
3400 3.29145e+07
3450 3.39523e+07
3500 3.5008e+07
3550 3.60769e+07
3600 3.71646e+07
3650 3.82681e+07
3700 3.939e+07
3750 4.05276e+07
3800 4.1681e+07
3850 4.28541e+07
3900 4.40433e+07
3950 4.52482e+07
4000 4.64698e+07
4050 4.77102e+07
4100 4.8965e+07
4150 5.02382e+07
4200 5.15305e+07
4250 5.28384e+07
4300 5.41619e+07
4350 5.55054e+07
4400 5.68655e+07
4450 5.82397e+07
4500 5.96353e+07
4550 6.10489e+07
4600 6.24807e+07
4650 6.39295e+07
4700 6.53955e+07
4750 6.68772e+07
4800 6.83747e+07
4850 6.98892e+07
4900 7.14238e+07
4950 7.2978e+07
5000 7.45474e+07
