5 198.437
10 296.67
15 666.857
20 878.183
25 1021
30 1247.4
35 1180.43
40 1631.85
45 1708.5
50 2745.88
55 1927.2
60 2693.37
65 3965.83
70 7646.33
75 3682.75
80 4251.77
85 4166.57
90 4734.08
95 5991.78
100 4948.58
125 7735.52
150 7114.98
175 8422.22
200 11837.8
225 15393.5
250 15127.6
275 21554
300 23907.3
325 28296.7
350 30821.2
375 38266.8
400 54801.7
425 56274.3
450 55978.3
475 58170.7
500 65675
525 79158.7
550 98593.3
575 98382.2
600 113555
625 123844
650 133025
675 146956
700 172330
725 179573
750 204062
775 210688
800 240460
825 264757
850 280802
875 280035
900 333512
925 364258
950 396330
975 454343
1000 490923
1050 543493
1100 645227
1150 727123
1200 715558
1250 831493
1300 856668
1350 1.04348e+06
1400 1324765
1450 1.3587e+06
1500 1.46832e+06
1550 1.65686e+06
1600 1.93258e+06
1650 2.16583e+06
1700 2146550
1750 2.65393e+06
1800 3.10162e+06
1850 2.63467e+06
1900 2.84042e+06
1950 3.49003e+06
2000 3.79027e+06
2050 3759650
2100 3.8449e+06
2150 4.41667e+06
2200 4.66663e+06
2250 4.97611e+06
2300 5.30147e+06
2350 6.55391e+06
2400 7524700
2450 7.92564e+06
2500 8.5983e+06
2550 9.28254e+06
2600 9.8081e+06
2650 8.70973e+06
2700 1.00684e+07
2750 8.50463e+06
2800 8.73956e+06
2850 12674249
2900 1.46875e+07
2950 1.69155e+07
3000 1.1099e+07
3050 1.15968e+07
3100 17542610
3150 13812814
3200 13864440
3250 1.49439e+07
3300 15683820
3350 1.56083e+07
3400 1.71267e+07
3450 1.63344e+07
3500 1.72315e+07
3550 1.90606e+07
3600 20302214
3650 19849382
3700 2.07387e+07
3750 21853086
3800 2.39441e+07
3850 2.49238e+07
3900 2.39535e+07
3950 2.67676e+07
4000 2.65093e+07
4050 28746368
4100 28137797
4150 2.89884e+07
4200 31161561
4250 31086833
4300 35020842
4350 34264444
4400 34335326
4450 3.63725e+07
4500 4.01939e+07
4550 39698104
4600 4.08238e+07
4650 4.21933e+07
4700 4.28001e+07
4750 4.3873e+07
4800 4.55899e+07
4850 49100552
4900 4.95941e+07
4950 5.11e+07
5000 5.18328e+07
