5 223.186
10 295.118
15 418.542
20 485.624
25 546.03
30 633.196
35 538.69
40 1076.46
45 906.182
50 1208.47
55 1964.41
60 2305.4
65 2867.64
70 2980.98
75 3228.06
80 3937.16
85 3586.88
90 3752.1
95 7363.9
100 3660.24
125 4892.74
150 4407.5
175 7488.82
200 7138.04
225 8935.46
250 17644.1
275 14005.5
300 23981.4
325 20366.8
350 25530.8
375 29419.2
400 39882.4
425 44056.8
450 51077.4
475 55297
500 62563.6
525 77443
550 71818.4
575 86496.8
600 97743.4
625 111907
650 125256
675 131028
700 143714
725 158150
750 171521
775 187109
800 221590
825 243828
850 261956
875 294264
900 317134
925 344824
950 336348
975 392498
1000 427306
1050 490850
1100 557052
1150 694088
1200 710486
1250 801458
1300 985932
1350 1091304
1400 1215484
1450 1144408
1500 1500674
1550 1649572
1600 1821194
1650 1986626
1700 1999472
1750 2210900
1800 2573300
1850 2607400
1900 3022980
1950 3005060
2000 3534480
2050 3822000
2100 4083920
2150 4408600
2200 4.72829e+06
2250 5.04819e+06
2300 4.93567e+06
2350 5715500
2400 5.61029e+06
2450 6468880
2500 6907920
2550 6691080
2600 7.76416e+06
2650 8.21623e+06
2700 8.6874e+06
2750 8.47614e+06
2800 8.66098e+06
2850 9.43491e+06
2900 9.90244e+06
2950 1.03981e+07
3000 1.09868e+07
3050 1.2501e+07
3100 1.31168e+07
3150 1.37534e+07
3200 1.44217e+07
3250 1.50964e+07
3300 14576790
3350 1.52179e+07
3400 1.50986e+07
3450 1.67799e+07
3500 1.73621e+07
3550 1.8104e+07
3600 1.88989e+07
3650 1.96787e+07
3700 2.0499e+07
3750 21177944
3800 2.26891e+07
3850 2.29272e+07
3900 2.32504e+07
3950 2.47409e+07
4000 2.56966e+07
4050 2.74517e+07
4100 27685592
4150 29512852
4200 2.99447e+07
4250 3.36404e+07
4300 31875398
4350 3.60517e+07
4400 3.4214e+07
4450 3.85882e+07
4500 3.67102e+07
4550 3.76642e+07
4600 3.88672e+07
4650 4.05019e+07
4700 41839832
4750 4.15476e+07
4800 4.32088e+07
4850 44143572
4900 5.11075e+07
4950 4.99878e+07
5000 5.14719e+07
