5 94.4052
10 152.534
15 206.323
20 353.319
25 480.958
30 594.335
35 894.27
40 884.568
45 1762.98
50 2247.74
55 1593.15
60 1706.18
65 3335.33
70 2484.68
75 2041.25
80 2195.91
85 2330.32
90 2311.88
95 4165.22
100 2862.58
125 3414.72
150 4906.17
175 4713.4
200 5888.4
225 8238.43
250 10441.5
275 13182.4
300 19569.2
325 21678
350 23458.7
375 26518.8
400 36968.7
425 36798
450 48448.9
475 51010
500 57546.7
525 62040.9
550 70885.5
575 87594.5
600 81007.1
625 108462
650 110458
675 135360
700 138716
725 150726
750 201083
775 199583
800 201049
825 240915
850 238553
875 283076
900 280705
925 336011
950 361080
975 391392
1000 382540
1050 485886
1100 555440
1150 634964
1200 647397
1250 804601
1300 906731
1350 1109390
1400 1234950
1450 1372060
1500 1528580
1550 1672540
1600 1847910
1650 2015790
1700 2203360
1750 2197870
1800 2386380
1850 2836000
1900 3085100
1950 3316390
2000 3578750
2050 3851780
2100 4.13701e+06
2150 4056530
2200 4.76845e+06
2250 4646129
2300 4954390
2350 5.79088e+06
2400 6180680
2450 6004690
2500 6952820
2550 7.36775e+06
2600 7844190
2650 7.55065e+06
2700 8113065
2750 8.47637e+06
2800 8.95272e+06
2850 9.43891e+06
2900 9.88434e+06
2950 1.14227e+07
3000 1.20288e+07
3050 1.26295e+07
3100 1.21133e+07
3150 12722298
3200 1.45563e+07
3250 13944156
3300 1.47147e+07
3350 1.67182e+07
3400 1.61126e+07
3450 1.66624e+07
3500 1.90308e+07
3550 1.81483e+07
3600 1.88632e+07
3650 1.97406e+07
3700 22489371
3750 2.15499e+07
3800 2.43663e+07
3850 2.30977e+07
3900 23449426
3950 2.52537e+07
4000 2.62028e+07
4050 2.58771e+07
4100 2.82029e+07
4150 29292320
4200 3.28018e+07
4250 3.39276e+07
4300 35043393
4350 3.64326e+07
4400 3.47647e+07
4450 3.54748e+07
4500 3.71874e+07
4550 3.77957e+07
4600 3.91452e+07
4650 4.10012e+07
4700 4.17732e+07
4750 47205482
4800 45001578
4850 4.58254e+07
4900 4.34787e+07
4950 47193480
5000 5.50405e+07
