5 7
10 26
15 70
20 117
25 189
30 291
35 403
40 528
45 683
50 844
55 1038
60 1233
65 1450
70 1696
75 1937
80 2195
85 2486
90 2783
95 3096
100 3418
125 5383
150 7757
175 10571
200 13900
225 17604
250 21733
275 26317
300 31376
325 36815
350 42703
375 49066
400 55852
425 63034
450 70680
475 78744
500 87258
525 96193
550 105653
575 115385
600 125556
625 136303
650 147481
675 159097
700 171020
725 183616
750 196609
775 209837
800 223644
825 237789
850 252509
875 267610
900 283152
925 299072
950 315587
975 332333
1000 349573
1050 385436
1100 423021
1150 462383
1200 503516
1250 546255
1300 590752
1350 637194
1400 685217
1450 735149
1500 786537
1550 839793
1600 894804
1650 951619
1700 1010152
1750 1070502
1800 1132540
1850 1196454
1900 1262018
1950 1329227
2000 1398429
2050 1469453
2100 1541766
2150 1616045
2200 1692323
2250 1770309
2300 1850037
2350 1931676
2400 2014820
2450 2099805
2500 2186588
2550 2274718
2600 2365091
2650 2456746
2700 2550149
2750 2645574
2800 2742599
2850 2841518
2900 2942111
2950 3044856
3000 3148960
3050 3254710
3100 3362622
3150 3471664
3200 3582897
3250 3695422
3300 3809889
3350 3926253
3400 4044360
3450 4164461
3500 4286420
3550 4409687
3600 4534926
3650 4661773
3700 4790556
3750 4920911
3800 5052888
3850 5186922
3900 5322592
3950 5459841
4000 5598791
4050 5739685
4100 5882008
4150 6026224
4200 6172412
4250 6320157
4300 6469458
4350 6620843
4400 6773883
4450 6928298
4500 7084954
4550 7243436
4600 7403758
4650 7565786
4700 7729542
4750 7894845
4800 8061711
4850 8230260
4900 8400881
4950 8573489
5000 8747584
