5 342.067
10 450.997
15 659.912
20 909.358
25 884.98
30 984.027
35 931.772
40 1639.37
45 1402.1
50 1799.47
55 2829.58
60 3040.12
65 3545.45
70 3740.68
75 4134.75
80 4723.1
85 5043.07
90 4886.3
95 10336.3
100 4822.23
125 6388.28
150 6293.2
175 12005.1
200 9855.93
225 11778.7
250 20804.5
275 18534.8
300 28946.5
325 25023.7
350 31289.5
375 33902.2
400 43711.3
425 49909.5
450 57610.8
475 60914.2
500 67512.2
525 86599.2
550 80224.3
575 97588.7
600 104388
625 119253
650 134214
675 140987
700 154896
725 168470
750 182452
775 199085
800 230993
825 253288
850 270297
875 302528
900 330625
925 357837
950 352360
975 404852
1000 442145
1050 506542
1100 570858
1150 704175
1200 721238
1250 824395
1300 1005160
1350 1106555
1400 1.22683e+06
1450 1.17417e+06
1500 1490845
1550 1.64094e+06
1600 1.81583e+06
1650 1.97162e+06
1700 2.00898e+06
1750 2259200
1800 2557750
1850 2.62088e+06
1900 2997900
1950 3017350
2000 3.50142e+06
2050 3.77772e+06
2100 4047100
2150 4.36487e+06
2200 4677142
2250 4.99047e+06
2300 4.95359e+06
2350 5.65953e+06
2400 5.63054e+06
2450 6406250
2500 6.82358e+06
2550 6.70742e+06
2600 7679496
2650 8.12583e+06
2700 8.58996e+06
2750 8.35704e+06
2800 8.58014e+06
2850 9.61474e+06
2900 9915431
2950 1.0257e+07
3000 1.10878e+07
3050 1.23553e+07
3100 1.29576e+07
3150 1.35793e+07
3200 1.42458e+07
3250 1.49033e+07
3300 1.45909e+07
3350 1.57703e+07
3400 1.51816e+07
3450 1.67687e+07
3500 17669930
3550 1.84348e+07
3600 1.9238e+07
3650 2.00371e+07
3700 2.05134e+07
3750 2.12134e+07
3800 2.30261e+07
3850 2.33805e+07
3900 23824675
3950 2.52463e+07
4000 2.61918e+07
4050 27869070
4100 2.82611e+07
4150 2.99471e+07
4200 2.99496e+07
4250 3.32129e+07
4300 32508967
4350 3.56054e+07
4400 3.49055e+07
4450 3.81293e+07
4500 3.6763e+07
4550 37769920
4600 40369762
4650 4.05525e+07
4700 4.18735e+07
4750 41845442
4800 4.34593e+07
4850 44475116
4900 50500436
4950 5.07215e+07
5000 5.22355e+07
